For this file i will print out the board, the starting position and if it is solvable or not.
I will print the path to the console though.


14 11 12 3 1 2 13 15 14 13 14 5 11 12 10 9 
13 10 5 2 4 3 12 3 13 15 7 6 13 2 7 2 
4 15 1 3 8 6 1 5 3 13 2 15 4 2 5 14 
4 3 10 2 2 6 0 12 10 15 15 11 2 4 7 8 
7 3 11 9 1 13 11 12 14 11 5 10 2 1 12 15 
13 6 3 5 6 9 2 5 10 8 10 13 12 2 6 5 
14 15 3 8 14 14 9 13 13 13 11 7 5 13 1 9 
2 13 1 7 6 6 8 5 4 7 12 2 2 10 3 7 
15 3 8 9 3 1 12 10 15 2 14 10 7 2 14 3 
4 15 14 10 3 1 12 7 13 4 15 4 9 15 13 3 
4 3 1 13 1 4 15 6 4 7 7 12 14 9 5 2 
8 15 7 10 6 9 9 2 12 2 15 2 11 12 11 10 
6 13 9 15 11 13 13 11 4 2 1 3 9 3 11 6 
3 14 1 4 3 15 9 1 6 10 2 11 1 6 11 5 
3 3 15 7 2 10 9 4 15 13 1 4 9 5 7 9 
4 12 3 10 9 13 10 12 9 9 11 6 2 3 1 11

The starting position chosen randomly between the four corners is the bottom left corner

true

2 5 1 5 2 6 6 4 5 
2 3 1 3 6 7 6 8 6 
3 8 3 7 4 8 4 8 8 
2 0 3 5 5 1 6 7 3 
4 4 1 4 6 7 1 3 8 
8 1 1 3 4 8 4 6 3 
2 2 3 6 1 2 8 6 7 
1 4 1 7 5 7 7 7 1 
4 4 3 1 4 8 7 3 6

The starting position chosen randomly between the four corners is the bottom right corner

true

6 7 5 6 4 2 3 10 3 7 2 11 
2 5 7 10 5 9 8 6 1 5 4 1 
8 10 9 8 7 10 2 1 9 9 3 6 
7 4 8 3 1 9 5 8 7 11 11 3 
6 7 8 7 3 1 10 10 9 7 4 5 
9 6 6 4 11 1 5 7 10 6 2 1 
8 6 7 9 7 6 3 8 1 2 5 9 
3 8 4 3 2 5 11 5 11 6 10 9 
2 7 6 8 4 8 10 1 1 8 9 5 
9 10 5 3 9 7 5 8 6 3 9 4 
3 8 10 5 11 10 10 6 3 7 11 1 
4 6 7 10 10 10 10 10 5 0 7 2

The starting position chosen randomly between the four corners is the top left corner

true

2 5 6 4 1 4 4 
1 5 4 5 4 2 5 
1 4 4 1 6 1 3 
1 5 6 5 4 6 2 
2 4 4 3 5 3 5 
5 1 3 2 0 2 1 
4 5 6 2 6 5 4

The starting position chosen randomly between the four corners is the bottom right corner

true

7 6 9 8 7 6 7 5 9 9 
7 6 2 9 1 7 3 7 5 9 
8 4 7 5 4 4 8 2 1 1 
4 1 2 9 3 3 9 5 8 5 
5 4 2 3 4 7 5 8 8 2 
2 6 7 7 8 7 7 4 5 8 
1 4 7 3 2 4 5 6 7 4 
2 6 3 9 3 8 5 1 6 8 
4 1 5 1 4 3 6 6 0 9 
1 1 3 4 6 5 9 6 7 5

The starting position chosen randomly between the four corners is the bottom right corner

true

10 4 11 18 15 14 12 1 19 15 5 4 6 14 8 13 16 11 16 7 
19 9 2 9 15 2 16 8 7 17 14 11 4 9 11 1 8 11 12 16 
15 7 4 2 12 13 8 12 6 14 5 7 2 18 17 5 18 7 6 4 
8 11 4 2 2 11 14 11 14 10 7 11 19 8 0 17 6 12 14 9 
4 11 15 11 7 19 16 14 12 4 7 1 15 16 14 6 19 6 8 13 
3 5 18 5 18 4 1 4 2 4 9 9 1 3 5 7 16 4 17 17 
6 2 2 19 11 13 9 3 11 5 15 1 14 4 12 5 5 6 13 5 
13 17 9 15 6 5 9 11 14 18 2 7 15 17 5 13 13 4 11 2 
13 17 18 6 14 8 4 6 11 13 11 14 19 12 9 2 18 16 3 7 
13 13 3 4 10 8 5 16 12 4 6 4 9 11 11 12 4 5 11 4 
14 14 11 12 12 16 4 2 11 9 19 19 2 3 8 9 3 3 8 8 
10 17 16 3 13 14 9 14 10 10 17 3 14 6 16 17 2 3 7 6 
15 10 10 11 5 17 3 4 9 13 17 2 1 19 1 13 2 8 8 16 
9 8 5 12 2 12 2 2 10 13 13 17 18 18 3 2 4 7 6 4 
13 11 18 8 2 16 5 6 16 4 19 2 1 15 19 3 4 12 17 9 
8 11 4 7 10 19 16 7 10 16 5 10 15 10 14 1 2 12 16 6 
14 12 6 4 2 8 16 9 9 14 8 4 1 9 16 1 9 11 4 11 
11 12 11 1 3 1 18 10 7 7 19 18 14 2 19 4 8 13 7 7 
8 10 9 3 7 11 3 6 8 5 12 11 9 3 14 19 18 16 9 1 
6 15 5 16 14 14 8 3 7 3 5 12 7 13 9 8 13 15 1 13 

The starting position chosen randomly between the four corners is the top right corner

false

13 14 17 11 16 6 4 11 17 17 19 18 13 8 7 12 6 16 16 17 
16 16 14 19 7 7 10 11 16 15 11 8 13 13 5 13 10 11 17 19 
8 4 19 7 6 7 7 8 6 17 5 9 15 13 9 1 6 5 3 2 
15 8 16 19 19 10 11 18 6 8 2 5 18 19 12 9 11 4 4 5 
6 10 2 17 1 8 7 1 8 4 3 5 14 3 6 3 1 16 3 10 
16 17 17 6 19 9 12 4 11 10 14 16 8 6 14 16 16 6 15 5 
16 16 2 14 13 14 19 15 11 8 10 17 14 10 15 11 3 10 15 9 
17 7 8 13 11 5 19 19 3 3 11 7 4 2 1 8 10 18 11 15 
16 2 14 9 19 15 7 4 16 16 7 14 6 9 17 16 19 10 1 8 
10 17 8 18 14 12 18 1 16 15 19 8 18 12 3 16 17 6 14 4 
4 10 5 5 8 16 4 10 9 6 18 9 4 19 8 6 3 18 14 4 
12 16 15 1 18 9 5 6 16 10 2 8 16 19 2 9 8 8 2 4 
8 6 5 17 18 1 9 13 7 15 1 7 14 3 1 11 2 18 8 17 
11 3 8 4 4 9 8 1 4 12 1 3 16 17 4 2 4 12 3 1 
2 8 5 4 15 9 16 7 13 13 3 10 1 1 15 6 7 16 11 12 
6 6 8 19 10 19 12 13 16 7 4 2 13 5 17 11 14 13 15 14 
10 6 5 6 14 5 3 15 8 7 17 14 18 10 2 5 4 12 15 1 
4 1 15 0 18 1 10 17 8 10 12 8 5 16 18 10 6 1 4 18 
2 17 6 7 1 3 15 5 18 4 11 7 10 17 6 3 19 16 11 18 
3 13 1 7 3 14 17 9 9 4 9 1 9 3 15 9 11 13 3 1

he starting position chosen randomly between the four corners is the top right corner

true

2 2 5 2 2 3 3 
6 1 5 3 4 1 4 
4 3 2 3 6 3 2 
2 6 2 5 3 4 6 
1 2 2 2 3 6 6 
5 6 6 4 3 4 0 
6 4 6 6 1 6 3

The starting position chosen randomly between the four corners is the top right corner

true

1 8 5 4 2 7 7 5 1 
3 7 3 4 6 2 1 2 5 
7 8 7 2 7 2 1 3 8 
7 6 7 5 4 6 3 7 3 
1 4 7 8 3 1 0 2 6 
3 5 4 4 7 8 7 8 8 
7 5 1 5 2 8 7 8 6 
2 8 1 6 2 4 2 5 1 
2 7 4 8 5 7 4 2 5

The starting position chosen randomly between the four corners is the bottom left corner

true

1 4 2 2 3 5 
5 2 1 3 2 3 
5 1 1 4 3 4 
1 4 1 1 3 1 
1 1 5 5 5 4 
5 1 5 0 3 3 

The starting position chosen randomly between the four corners is the bottom right corner

false

2 15 5 12 10 13 10 15 15 17 2 10 7 4 17 6 2 8 
17 9 14 14 16 16 14 12 7 15 5 2 12 15 16 13 5 12 
7 9 10 13 17 1 13 15 13 3 8 3 2 9 15 13 14 6 
11 12 16 17 5 8 1 17 1 15 2 2 11 13 7 16 3 13 
15 11 17 14 11 9 14 2 1 6 11 14 16 5 11 9 16 15 
8 4 12 4 2 17 13 14 14 5 13 13 5 3 11 1 8 1 
10 7 10 3 6 10 15 5 13 14 4 10 3 17 9 8 3 6 
5 4 5 4 12 17 7 4 10 7 1 3 10 8 7 4 15 6 
10 11 13 14 13 13 7 11 9 15 5 5 1 8 12 6 10 11 
12 6 3 11 16 2 15 3 16 2 5 17 9 11 10 7 8 5 
7 17 16 7 7 3 15 6 3 4 13 11 5 14 9 17 13 13 
6 14 13 5 12 1 4 0 17 8 1 11 11 5 16 4 11 12 
3 2 4 2 10 6 1 13 4 15 10 14 12 15 10 1 2 17 
17 15 3 16 15 15 2 9 6 14 16 6 12 8 8 11 14 9 
13 9 10 1 9 7 1 13 15 2 6 7 16 6 9 17 11 17 
13 13 6 2 10 10 11 4 2 7 5 7 15 12 10 13 13 7 
4 5 9 7 1 8 1 14 9 5 14 8 10 17 14 1 9 14 
2 4 13 12 6 17 9 15 9 3 13 14 15 17 14 7 17 15

The starting position chosen randomly between the four corners is the top left corner

true

4 3 11 7 1 3 6 13 4 11 6 7 9 10 6 5 
7 1 13 9 12 8 10 11 13 13 1 1 15 14 13 9 
14 2 13 12 2 5 8 2 1 15 13 3 1 1 13 10 
12 4 10 9 11 6 12 7 5 8 11 10 9 2 7 1 
14 7 11 11 1 11 3 1 15 13 5 6 9 6 14 9 
9 10 10 2 8 9 13 14 13 13 10 8 8 15 10 8 
15 3 15 14 12 14 11 7 8 8 7 10 6 7 8 10 
13 3 14 5 1 2 13 13 9 3 15 11 15 4 10 14 
10 3 15 6 7 13 2 2 2 2 14 9 4 14 2 3 
10 11 10 11 13 3 15 2 8 1 1 12 9 12 13 1 
1 5 6 8 15 11 5 7 3 14 12 7 1 13 10 6 
10 1 9 11 10 15 15 10 1 6 6 2 2 8 6 7 
9 9 8 13 12 6 6 13 10 1 13 10 4 15 13 5 
15 3 1 9 13 6 1 7 11 3 1 5 0 1 3 13 
13 11 5 13 10 13 12 5 3 15 9 7 1 13 6 3 
11 2 13 9 6 8 6 10 3 15 11 11 12 9 2 7

The starting position chosen randomly between the four corners is the top right corner

true

5 4 2 1 4 2 4 
3 6 1 6 3 6 1 
6 5 6 2 5 1 2 
4 3 5 1 6 4 1 
5 3 5 5 4 3 0 
2 1 3 3 6 6 3 
1 6 5 1 1 4 2

The starting position chosen randomly between the four corners is the top right corner

true

7 1 9 10 8 4 8 6 2 5 1 
6 10 7 9 1 6 2 8 9 4 7 
10 8 9 10 0 3 6 10 4 7 6 
10 4 5 2 7 10 10 1 2 1 8 
7 3 8 5 7 1 2 7 7 8 3 
1 6 2 8 1 2 10 10 8 3 6 
7 6 3 9 1 8 9 7 2 10 6 
4 1 1 10 1 9 6 5 5 7 8 
1 1 1 3 10 9 4 7 4 7 10 
8 4 4 9 8 4 10 5 7 10 10 
10 1 6 10 10 9 9 10 10 5 4

The starting position chosen randomly between the four corners is the top right corner

true

4 1 6 5 3 1 4 
1 5 3 4 5 6 1 
3 5 4 2 2 2 4 
3 6 6 4 0 4 3 
6 1 6 4 1 2 1 
2 5 1 6 5 3 5 
2 5 4 1 6 6 6

The starting position chosen randomly between the four corners is the top left corner

true

9 6 9 1 6 3 7 6 2 8 4 
3 6 8 6 3 2 4 3 5 2 3 
3 5 2 10 6 2 2 2 4 8 4 
1 8 5 4 10 8 4 6 10 4 7 
10 5 10 10 3 10 10 8 9 5 9 
10 8 4 8 4 6 5 2 3 6 4 
10 6 5 1 8 6 5 10 3 3 9 
2 2 9 8 9 6 7 7 6 6 4 
1 10 2 1 0 6 3 1 4 8 3 
3 3 7 2 8 6 5 1 8 10 5 
1 1 3 2 1 10 2 6 9 3 4 

The starting position chosen randomly between the four corners is the top left corner

false

4 3 3 7 2 4 2 4 
4 4 1 0 3 1 6 6 
2 1 3 5 6 1 1 7 
7 2 7 3 7 3 7 3 
6 7 4 4 6 1 4 7 
5 2 5 3 1 2 4 2 
2 7 6 4 4 7 3 4 
4 2 6 3 3 2 2 1 
true

5 2 7 7 1 6 5 1 
3 7 3 5 5 5 6 5 
3 3 4 6 6 3 5 6 
5 4 4 0 1 1 7 7 
7 2 1 2 1 2 2 4 
5 4 5 2 3 3 5 4 
4 5 3 2 4 1 3 3 
4 6 5 6 3 1 2 3 
true

9 8 2 5 14 5 10 17 11 5 3 1 9 17 1 8 2 14 
13 7 3 5 17 3 9 10 5 10 11 4 17 9 5 2 10 8 
13 5 5 8 17 14 11 10 13 14 12 1 17 11 8 6 2 17 
10 4 11 11 10 2 17 2 9 3 8 12 17 5 4 2 11 16 
17 4 11 8 14 9 15 12 9 4 7 9 10 11 12 11 10 8 
14 16 10 9 16 6 17 9 1 8 8 10 17 16 15 15 15 5 
13 17 6 7 1 5 10 1 3 5 4 1 13 12 5 14 11 1 
7 12 15 3 17 13 12 4 2 14 10 11 1 5 5 12 12 2 
17 7 15 6 2 15 7 6 17 17 7 1 6 11 2 9 11 9 
7 8 10 11 14 14 8 17 8 1 7 17 11 2 4 13 8 17 
8 1 9 13 13 15 3 7 15 16 5 12 10 10 14 2 13 6 
10 15 9 5 6 17 12 1 6 9 10 13 13 8 8 9 17 9 
7 9 5 7 1 13 9 1 13 6 12 2 14 8 12 13 17 10 
8 11 8 12 1 14 17 16 5 14 17 17 17 15 5 1 12 3 
17 13 2 15 15 4 15 6 15 17 13 12 0 13 1 11 15 1 
14 12 6 6 4 4 1 14 15 8 12 6 16 1 13 16 4 11 
10 10 6 12 10 14 16 16 3 1 17 11 14 17 6 14 6 15 
9 5 9 13 1 9 13 16 12 11 14 6 17 14 12 17 5 1 

The starting position chosen randomly between the four corners is the bottom right corner

false

1 1 4 2 5 1 
5 3 4 4 5 1 
5 5 0 4 1 1 
2 3 3 4 2 4 
1 2 3 1 5 3 
4 3 1 1 2 3 

The starting position chosen randomly between the four corners is the top right corner

false
