For this file i will print out the board, the starting position and if it is solvable or not.
I will print the path to the console though.

3 3 8 5 7 1 1 7 1 7
1 7 3 7 1 6 4 0 4 1
2 8 9 7 9 6 1 6 1 8
2 1 7 7 8 6 3 8 9 2
1 5 8 1 6 2 3 6 4 9
5 4 1 2 3 1 6 9 8 9
9 4 4 4 8 6 2 2 8 9
6 9 6 3 6 3 8 5 5 5
5 8 6 5 9 3 5 3 9 9
3 5 5 5 8 6 5 5 1 9

The starting position chosen randomly between the four corners is the top left corner

false

5 1 1 2 2 3
1 5 4 3 3 5
2 2 5 3 5 4
2 5 3 2 5 1
4 2 5 3 2 0
1 4 5 5 5 3
true

12 5 12 7 3 10 7 3 9 2 5 2 4
9 12 11 6 11 10 5 10 1 10 2 9 7
12 8 4 4 3 6 4 1 9 12 5 1 3
11 7 3 8 11 3 10 9 7 7 5 7 11
6 6 12 6 3 2 7 8 12 4 12 7 10
3 1 1 12 2 1 12 2 6 2 10 5 10
12 10 12 8 4 12 6 12 6 2 3 10 5
7 12 1 2 12 4 7 12 7 9 1 4 11
4 11 12 7 1 1 5 3 7 1 2 4 4
6 11 5 8 2 4 2 5 11 8 10 4 12
3 9 0 6 12 11 6 3 10 9 7 12 9
10 10 2 9 7 6 3 8 11 7 3 6 5
9 3 3 7 6 10 8 5 1 5 10 8 7

The starting position chosen randomly between the four corners is the top left corner

false

3 9 2 6 4 9 10 3 6 7 5 10
11 4 7 11 7 7 8 6 7 7 2 1
4 11 7 2 3 11 5 7 8 8 8 5
6 10 7 7 1 8 11 3 4 1 2 2
5 8 6 3 11 2 11 1 9 11 8 5
8 6 8 9 9 9 10 8 4 7 1 4
2 8 1 9 2 7 1 10 3 11 8 10
10 11 5 2 9 11 11 7 8 5 7 0
5 10 6 2 2 10 9 3 9 3 4 11
6 4 2 6 1 7 5 7 5 6 1 6
9 2 9 11 9 7 11 10 10 1 2 6
9 8 11 10 4 10 8 3 1 8 4 2
true

3 2 10 13 1 13 4 10 8 9 8 4 12 9
7 9 2 9 13 3 8 10 10 11 8 4 12 11
1 11 3 9 3 9 11 12 6 4 2 2 1 11
4 13 8 4 4 13 5 0 1 7 5 10 12 7
11 5 3 1 10 2 7 13 6 9 11 13 11 11
3 4 9 2 4 13 7 3 8 1 3 12 5 10
6 9 10 13 6 3 3 5 13 9 2 4 10 5
1 7 3 11 10 4 1 12 11 10 2 11 4 11
9 1 7 5 3 2 13 4 3 6 13 3 2 6
3 3 9 13 2 10 5 9 9 10 1 9 12 9
12 3 8 2 11 4 11 6 10 1 7 9 3 6
4 10 11 8 6 12 1 9 9 3 3 3 1 7
12 5 13 3 2 9 2 2 8 10 5 13 2 10
3 11 11 10 5 7 8 12 10 1 1 3 1 4
true

2 6 3 8 4 7 7 5 8 4 8
6 2 8 8 6 8 3 8 1 10 8
7 7 8 9 0 2 7 6 10 7 10
7 1 3 7 2 5 8 1 4 8 3
4 8 8 9 10 9 3 7 10 7 6
9 4 2 10 8 8 8 6 9 2 1
7 1 2 1 6 5 2 3 3 3 3
10 8 6 9 3 5 7 2 7 7 5
9 6 3 3 10 4 4 6 10 7 4
5 8 9 7 6 10 1 9 4 9 9
7 5 10 4 6 1 10 4 1 3 9

The starting position chosen randomly between the four corners is the top left corner

false

11 14 6 18 17 19 9 6 17 2 15 6 4 14 16 18 10 19 5 2
8 15 14 13 4 11 12 12 11 4 7 3 6 10 5 1 17 8 12 1
16 16 8 18 7 11 13 7 14 12 18 1 17 4 7 2 6 17 10 10
14 12 3 5 18 4 3 14 8 3 6 19 3 13 5 5 5 9 4 9
17 6 7 14 16 1 11 16 17 16 19 5 15 7 19 12 13 18 1 12
8 18 12 3 1 17 5 5 6 15 7 17 8 14 13 2 2 19 1 6
16 10 9 12 2 1 3 15 13 12 17 11 9 5 18 14 3 3 17 3
2 17 17 7 12 18 4 19 14 5 6 12 19 3 7 3 9 8 7 4
2 1 15 17 5 8 2 18 7 11 10 13 6 6 10 9 5 11 12 13
6 9 7 12 10 18 4 17 13 15 19 3 7 16 14 9 18 16 8 13
2 5 10 17 3 9 17 8 7 17 18 8 9 19 1 19 8 12 13 12
10 1 14 3 1 5 16 4 8 3 13 11 16 11 6 4 15 13 6 15
2 2 15 4 4 11 2 7 16 14 18 17 5 11 5 17 8 4 11 10
16 13 1 19 9 15 16 6 13 14 5 16 17 11 10 15 8 11 13 12
19 1 5 11 18 9 19 18 18 13 2 4 8 5 5 6 11 15 15 11
14 18 16 8 18 17 6 10 2 4 16 6 17 10 16 3 8 12 15 9
14 10 14 3 14 16 16 8 0 11 5 16 15 13 12 11 4 2 17 14
4 18 4 11 11 15 1 7 14 5 14 4 2 18 14 16 15 19 2 8
14 6 15 14 14 2 11 12 9 6 3 6 2 16 14 17 5 12 11 19
5 15 14 12 11 1 3 1 2 1 7 10 12 15 8 8 9 12 1 19

The starting position chosen randomly between the four corners is the bottom left corner

false

4 4 5 3 3 3
3 2 2 4 5 4
1 3 1 2 0 1
4 2 4 4 4 4
5 2 2 2 1 1
2 5 5 5 4 2

The starting position chosen randomly between the four corners is the bottom left corner

false

6 6 7 6 8 4 3 1 6 5
8 7 6 7 5 9 6 2 0 2
2 1 9 9 2 5 6 2 1 8
2 6 7 5 9 8 9 4 8 3
8 1 3 5 3 3 8 9 7 1
6 4 7 5 8 5 2 5 8 7
5 2 9 1 1 4 2 8 1 2
7 4 8 6 9 1 9 7 2 8
3 5 9 3 8 7 3 6 8 3
6 4 2 1 9 4 3 2 9 3
true

5 1 3 13 6 6 8 7 5 1 10 2 7 12 8
13 10 12 10 9 8 3 6 1 12 13 10 13 6 2
3 7 12 12 7 7 9 8 12 9 5 3 13 11 2
5 5 10 11 5 9 2 10 5 13 8 3 1 9 8
10 13 3 11 12 13 2 14 2 3 9 4 2 3 6
3 2 7 8 9 5 3 8 4 11 11 7 3 7 11
5 12 8 11 2 6 4 6 9 3 5 1 10 11 12
14 5 4 3 8 9 2 8 7 2 14 11 5 7 4
3 12 2 11 2 14 5 7 12 2 6 12 9 12 2
9 3 4 10 14 12 5 9 11 13 8 12 4 2 5
8 8 9 11 9 1 9 8 7 14 9 6 5 1 6
4 3 9 4 14 9 13 13 8 14 5 14 7 5 12
14 2 9 10 13 11 10 5 5 1 7 3 6 7 9
11 13 9 4 7 0 9 7 5 10 14 6 13 7 11
3 9 7 14 11 4 14 9 5 6 14 14 9 13 1
true

5 5 4 5 3 4
1 1 5 4 2 3
4 2 3 1 4 2
2 5 4 1 0 4
4 2 3 5 3 1
3 3 1 2 1 3
true

6 8 10 1 2 6 5 9 4 9 3 3 11 3
1 3 6 5 3 3 5 8 5 7 9 11 10 9
7 9 9 1 10 7 8 6 7 12 1 12 9 6
7 11 3 1 8 13 8 13 7 8 4 8 8 1
6 11 7 9 7 10 1 2 7 6 2 10 4 4
13 8 8 10 2 13 2 2 12 2 10 13 4 12
8 13 13 6 8 8 2 4 10 1 1 4 11 8
12 2 1 11 2 5 6 6 8 4 13 6 12 11
6 9 5 2 8 6 9 4 10 13 2 1 4 7
10 10 13 8 5 2 5 12 10 9 9 1 10 4
9 6 13 8 3 9 1 13 13 4 1 9 11 11
8 10 6 2 10 3 5 4 4 13 1 4 5 12
8 8 11 8 9 3 3 10 9 1 9 7 8 11
7 4 0 6 6 7 9 5 1 9 10 4 9 9
true

1 4 2 2 2 3
4 1 5 2 4 2
2 1 0 2 5 2
2 1 4 3 1 5
1 5 2 5 4 3
3 4 4 5 5 1
true

7 8 9 7 3 8 8 5 6 5
4 7 6 5 6 5 9 9 4 8
4 3 5 9 1 5 0 2 9 5
4 2 6 6 4 9 7 4 9 9
7 2 1 7 6 9 5 3 2 9
7 8 6 6 4 5 3 6 8 7
3 1 9 7 3 9 9 5 2 3
3 6 2 2 7 7 3 8 2 3
7 4 2 4 9 5 8 8 2 5
3 4 2 7 8 8 8 6 3 3

The starting position chosen randomly between the four corners is the bottom right corner

false

12 13 6 8 9 6 1 12 11 7 4 11 5 3 6
10 2 2 4 13 11 9 13 4 5 13 2 4 14 13
5 8 9 4 12 13 1 6 8 13 13 13 7 8 5
12 4 2 6 12 11 1 4 9 11 7 11 4 9 6
4 12 0 7 12 4 14 8 6 8 7 12 2 12 7
13 6 9 1 5 13 5 13 11 7 5 1 1 14 2
3 11 4 12 6 3 1 12 8 7 1 4 9 13 2
7 4 10 7 12 9 5 11 11 10 12 5 12 3 9
8 12 10 1 6 3 10 3 7 2 10 12 14 14 5
7 9 9 13 13 8 3 11 9 12 12 1 9 2 1
4 1 4 1 10 9 12 14 1 10 1 2 1 6 1
14 5 11 6 8 14 10 3 10 1 10 12 13 12 8
10 2 7 4 1 12 5 3 6 4 8 8 13 11 13
8 4 7 2 1 1 9 2 1 9 2 9 7 5 5
1 6 12 14 5 3 14 5 4 1 3 5 12 10 8

The starting position chosen randomly between the four corners is the top left corner

false

1 6 1 4 2 5 4
5 6 1 2 2 4 3
6 2 6 1 4 1 3
2 1 1 2 1 4 4
6 3 4 3 3 4 1
4 3 4 2 2 2 3
4 5 6 0 4 2 5

The starting position chosen randomly between the four corners is the top right corner

false

6 11 14 9 5 13 12 12 6 1 14 10 12 14 7
5 7 9 12 5 6 3 10 14 4 14 3 14 8 12
7 8 8 14 12 13 8 9 14 2 12 13 14 4 11
1 9 14 6 7 8 5 1 12 5 1 4 2 14 10
8 12 5 1 13 2 13 5 1 11 10 11 8 11 6
11 8 12 1 8 3 8 11 11 11 14 12 10 3 5
4 0 1 1 8 2 2 3 14 10 3 13 7 8 9
9 2 4 13 14 10 14 12 11 6 6 8 12 14 12
13 4 7 3 13 10 4 8 4 13 11 10 3 6 4
4 7 8 14 10 4 11 6 11 10 14 1 13 10 11
8 11 2 1 3 6 4 1 8 10 9 7 14 13 7
2 7 9 8 1 13 9 7 7 2 7 12 6 10 11
8 1 3 7 8 13 1 6 5 7 1 7 10 10 6
4 11 6 9 10 6 13 11 5 9 13 6 14 12 3
12 1 6 5 13 5 4 2 9 12 4 8 5 13 2
true

6 6 2 5 2 1 5 8 1
1 4 4 7 4 2 1 5 2
6 7 2 4 8 1 2 1 4
3 4 3 6 8 8 8 7 8
4 2 7 8 8 0 3 6 7
6 5 4 1 3 7 6 3 8
1 7 4 5 6 4 5 3 3
4 5 5 3 8 3 5 5 6
5 3 7 8 1 3 3 6 5

The starting position chosen randomly between the four corners is the bottom right corner

false

3 5 10 11 13 5 6 1 5 12 2 1 8 12
3 1 7 13 2 5 8 1 12 13 5 4 12 5
2 7 9 13 3 13 1 11 10 2 13 5 8 2
3 7 10 7 6 4 7 7 1 3 2 11 5 4
11 13 10 8 3 8 13 8 9 10 13 9 2 13
7 12 11 1 2 13 10 5 12 8 9 8 13 3
1 1 13 1 11 5 2 7 3 8 7 12 6 10
7 4 11 0 9 10 7 7 3 4 7 4 1 11
5 4 3 9 10 10 12 2 11 6 8 5 5 8
7 8 9 6 6 13 10 5 13 5 12 11 1 1
3 13 4 3 10 6 3 13 10 4 10 6 1 3
11 8 6 13 13 11 2 8 6 3 12 10 11 3
4 2 3 2 3 8 7 11 2 1 4 4 1 8
12 10 10 10 13 11 6 4 13 2 6 8 6 9
true

2 13 10 2 8 11 6 3 13 8 1 2 8 3 5 12
4 4 1 15 3 13 1 10 2 5 4 9 5 6 2 13
7 12 3 9 1 15 2 15 3 2 9 4 11 5 9 7
2 13 13 7 8 6 8 8 11 7 12 4 14 7 13 13
4 7 3 13 7 10 13 15 6 11 7 13 5 5 12 3
2 6 11 7 14 1 11 1 5 8 3 14 10 4 14 6
7 10 8 2 9 10 8 10 2 14 15 13 12 3 2 9
2 2 15 6 1 12 10 10 13 11 1 12 1 15 11 5
6 5 15 7 4 2 14 0 3 1 8 5 3 2 2 5
8 1 13 13 5 6 8 8 10 13 2 1 9 8 12 11
2 11 7 2 11 9 2 12 7 15 11 4 10 7 7 5
11 5 7 5 15 9 2 1 10 12 11 8 7 10 3 1
6 14 15 2 3 5 9 10 1 12 10 14 13 10 13 9
8 6 9 10 4 5 10 9 7 9 12 6 15 6 2 14
3 3 2 1 8 4 10 3 4 9 2 1 10 3 13 12
1 7 7 6 3 1 2 12 14 2 15 2 2 10 1 11
true

